0	0	0.2309888937714536	-0.2309888937714538
0	0	0.6023101864071924	-0.6023101864071925
0	0	0.5852898564051365	-0.5852898564051363
0	0	0.3678772301495673	-0.3678772301495672
0	0	0.7961829923275584	-0.7961829923275587
1	1	-0.491876163888472	0.4918761638884718
0	0	0.4323575778429136	-0.4323575778429137
1	1	-0.1462891884140963	0.1462891884140958
0	1	0.4416308662885886	-0.4416308662885887
0	0	0.5600454407325443	-0.5600454407325445
0	0	0.9050572118814406	-0.9050572118814408
1	1	-0.3359144046175332	0.3359144046175334
0	0	0.3316782621081462	-0.3316782621081462
0	0	0.4520240847535721	-0.4520240847535728
0	0	0.524978100447627	-0.5249781004476272
0	0	0.6660853549717455	-0.6660853549717464
0	0	0.3809895510778147	-0.3809895510778148
0	0	0.4110404222274696	-0.4110404222274694
0	0	0.5277252095445035	-0.5277252095445036
0	0	0.7281530410168933	-0.7281530410168934
0	0	0.5490507924844209	-0.549050792484421
0	0	0.6176003073850913	-0.6176003073850915
0	0	0.6582902409256548	-0.6582902409256552
0	0	0.4066247112757367	-0.4066247112757371
0	0	0.7719268922923938	-0.7719268922923938
0	0	0.6280694307613547	-0.6280694307613547
0	0	0.1645561129352103	-0.1645561129352104
0	0	0.3454197008569282	-0.345419700856929
0	0	0.2555849521789982	-0.2555849521789986
0	0	0.865610194658089	-0.865610194658089
0	0	0.5869708513068667	-0.5869708513068672
0	0	0.5233629786922804	-0.5233629786922804
0	0	0.57804068912238	-0.5780406891223803
0	0	0.724535532595981	-0.7245355325959816
0	0	0.6830755873935397	-0.6830755873935402
0	0	0.5423244852397734	-0.5423244852397734
0	0	0.6844883817648542	-0.6844883817648547
0	0	0.3696824323725521	-0.3696824323725525
0	0	0.962316203937748	-0.9623162039377477
0	0	0.5238950469333775	-0.5238950469333777
0	0	0.5353167148584184	-0.5353167148584185
0	0	0.2622556883715569	-0.2622556883715572
0	0	0.3587492734476049	-0.3587492734476053
0	0	0.7076247230956941	-0.7076247230956941
0	0	0.484103591226351	-0.4841035912263514
0	0	0.0758651460911775	-0.07586514609117792
0	0	0.6306017414430695	-0.6306017414430699
0	0	0.6226621624802384	-0.622662162480239
0	1	0.2544924734611888	-0.2544924734611894
0	0	0.5631441429827155	-0.5631441429827162
0	0	0.5960014720112361	-0.5960014720112361
0	0	0.6424644453262481	-0.6424644453262488
0	0	0.4685060979503861	-0.4685060979503862
0	0	0.4695123524655675	-0.4695123524655678
0	0	0.5782503724792277	-0.5782503724792281
0	0	0.3193103964466424	-0.3193103964466428
0	0	0.4053599344437903	-0.4053599344437906
0	0	0.5723739304424312	-0.5723739304424313
0	0	0.611647069639059	-0.6116470696390592
0	0	0.5867726222794282	-0.5867726222794286
0	1	0.3827285652454382	-0.3827285652454387
0	0	0.3249716112492207	-0.3249716112492208
0	0	0.6984281922843463	-0.6984281922843465
0	0	0.6510101108378529	-0.6510101108378531
0	0	0.6914363211268251	-0.6914363211268255
0	0	0.2968018700741115	-0.2968018700741122
0	0	0.6868274318279084	-0.6868274318279086
0	0	0.244643642566153	-0.2446436425661533
0	1	0.5219837364259335	-0.5219837364259338
0	0	0.5930504401281607	-0.5930504401281605
1	1	-0.1664085428075675	0.1664085428075675
0	0	0.67878024448657	-0.6787802444865706
0	0	0.5142173135186506	-0.5142173135186511
0	0	0.4260796485599957	-0.4260796485599962
0	0	0.3353367108716472	-0.3353367108716473
0	0	0.5259810025696054	-0.5259810025696061
0	0	0.2934239252517634	-0.2934239252517638
0	0	0.4356453188494697	-0.4356453188494701
0	0	0.3924616579570141	-0.3924616579570142
0	0	0.7028218226306171	-0.7028218226306174
0	0	0.1293682019049257	-0.129368201904926
0	0	0.5397611730427684	-0.5397611730427686
0	0	0.4229462016697018	-0.4229462016697023
0	1	0.5852081481890835	-0.5852081481890836
0	0	0.3675689015025104	-0.3675689015025106
0	0	0.6119018224216567	-0.6119018224216575
0	0	0.8079733489180018	-0.8079733489180023
0	0	0.6762605941533057	-0.6762605941533059
0	1	0.5368482307242681	-0.536848230724268
0	0	0.1692607129577509	-0.1692607129577508
0	0	0.8408565165991601	-0.8408565165991599
0	0	0.4667004854565723	-0.4667004854565728
0	0	0.6572129879480966	-0.6572129879480968
0	0	0.5169930808291658	-0.5169930808291662
0	0	0.6598781444610077	-0.6598781444610079
0	1	0.1705426407406395	-0.17054264074064
0	0	0.4314774809106884	-0.4314774809106885
0	0	0.620441362723174	-0.6204413627231743
0	0	0.7536953927957173	-0.7536953927957177
0	0	0.4592521656388801	-0.4592521656388801
0	0	0.855300113463797	-0.8553001134637969
0	0	0.9492912313576363	-0.9492912313576367
0	0	0.3398633190996053	-0.3398633190996055
0	0	0.6072426854534581	-0.6072426854534583
0	0	0.7069939785141083	-0.7069939785141083
0	0	0.3900521997750551	-0.3900521997750555
0	0	0.6488299272568737	-0.6488299272568739
0	0	0.5074266928139782	-0.507426692813976
0	0	0.7570738890917802	-0.7570738890917795
0	0	0.5765835935391119	-0.5765835935391124
0	0	0.5980959078143728	-0.5980959078143729
0	0	0.4938534699199112	-0.4938534699199115
0	0	0.2465450636918947	-0.2465450636918955
0	0	0.5246804638973719	-0.5246804638973723
0	0	0.3225767330153214	-0.3225767330153221
0	0	0.5694259657461003	-0.5694259657461008
0	0	0.6466120322763117	-0.6466120322763121
0	0	0.6492107982707309	-0.6492107982707305
0	0	0.8520402903265026	-0.8520402903265033
0	0	0.581889360353797	-0.5818893603537977
0	0	0.7724405416415747	-0.7724405416415751
0	0	0.3516633561512293	-0.3516633561512296
0	0	0.2589474308148513	-0.2589474308148511
0	0	0.6469981943949644	-0.6469981943949646
0	0	0.5023375494416225	-0.5023375494416223
0	0	0.6568575925238208	-0.6568575925238208
0	0	0.2230129189248758	-0.2230129189248754
1	1	-0.1261882597916574	0.1261882597916578
0	0	0.5231230152828367	-0.5231230152828369
1	1	-0.4964485841901342	0.496448584190134
0	0	0.7299085597145079	-0.7299085597145081
0	0	0.5029027896304823	-0.5029027896304826
0	0	0.4935951499708982	-0.4935951499708979
0	0	0.8585119318184692	-0.8585119318184696
0	0	0.4706935114924371	-0.4706935114924376
0	0	0.5428967729491848	-0.5428967729491857
0	0	0.6369985745157667	-0.636998574515766
0	0	0.6253894881094744	-0.6253894881094746
0	0	0.5804950789149698	-0.5804950789149707
0	0	0.1690234042782715	-0.1690234042782724
0	0	0.7044531910297728	-0.704453191029773
0	0	0.5393383786810733	-0.5393383786810737
0	0	0.4722816947916604	-0.4722816947916614
0	0	0.7930764288428768	-0.7930764288428772
0	0	0.3234016394882464	-0.3234016394882462
0	0	0.5432884586757405	-0.5432884586757409
0	0	0.4740545510594898	-0.47405455105949
0	0	0.662383209956052	-0.6623832099560524
0	0	0.6662355326000371	-0.6662355326000372
0	1	0.5692091591113033	-0.5692091591113034
0	0	0.5888065895381578	-0.5888065895381581
0	0	0.4712587220698846	-0.4712587220698847
0	0	0.5368917464101565	-0.5368917464101568
0	0	0.617643732432384	-0.6176437324323839
1	1	-0.1219090549588594	0.1219090549588591
0	0	0.8700128024654791	-0.8700128024654789
0	0	0.5637145610396748	-0.5637145610396749
0	0	0.5739503019801038	-0.5739503019801037
0	0	0.7433589605893673	-0.7433589605893679
0	0	0.6987344223773975	-0.6987344223773979
0	0	0.6309138639046773	-0.6309138639046775
0	0	0.4377412494719935	-0.4377412494719936
0	0	0.7930079914018888	-0.7930079914018898
0	0	0.2516497130740766	-0.2516497130740766
1	0	-0.2820794675174187	0.2820794675174183
0	0	0.2298042569031732	-0.2298042569031736
0	0	0.5934028417348293	-0.5934028417348294
0	0	0.3240785322811425	-0.3240785322811429
0	0	0.3809879123848882	-0.3809879123848892
0	0	0.9902064374368483	-0.9902064374368484
0	0	0.4709743286476401	-0.4709743286476402
0	0	0.5888065895381578	-0.5888065895381581
0	0	0.648193135355088	-0.6481931353550883
0	0	0.7197211090610931	-0.7197211090610934
0	0	0.6415204428310218	-0.6415204428310221
0	1	0.2010322408925154	-0.201032240892516
0	0	0.6506441854813486	-0.6506441854813491
0	0	0.6493523752741474	-0.6493523752741479
0	0	0.346426563635425	-0.3464265636354252
0	0	0.6515437766566465	-0.6515437766566472
0	0	0.5822907007148926	-0.5822907007148929
0	1	0.530464731889784	-0.530464731889784
0	0	0.580995030838647	-0.5809950308386478
0	0	0.734437144891924	-0.7344371448919245
0	0	0.6207686979165347	-0.620768697916535
0	0	0.6804796368311357	-0.6804796368311355
0	0	0.4572899547320297	-0.4572899547320301
0	0	0.6613655727161047	-0.6613655727161054
1	1	-0.01808358485904125	0.01808358485904021
0	1	0.3950817548187515	-0.3950817548187514
0	0	0.5013079833909837	-0.5013079833909835
0	0	0.6882246082576439	-0.6882246082576443
0	0	0.4377481733074025	-0.437748173307402
0	0	0.6452250304203292	-0.6452250304203293
0	0	0.5599632808692871	-0.5599632808692874
0	0	0.4282961774643598	-0.4282961774643601
0	0	0.3343521988528234	-0.3343521988528236
0	0	0.5780749047398944	-0.5780749047398948
0	0	0.2401720157841705	-0.2401720157841709
0	0	0.4368309229325584	-0.4368309229325589
0	0	0.6576664450300526	-0.6576664450300528
0	0	0.6632640330565625	-0.663264033056563
0	1	0.1989618655960828	-0.1989618655960832
1	1	-0.03495488053313218	0.03495488053313218
0	0	0.3007572640445861	-0.3007572640445864
0	0	0.4544467115887892	-0.4544467115887896
0	0	0.712461108628773	-0.7124611086287731
0	0	0.8965960876346938	-0.8965960876346938
0	0	0.1145349222569856	-0.1145349222569856
0	0	0.6956181987225842	-0.6956181987225841
0	0	0.3816276395578249	-0.3816276395578254
0	0	0.4435238290141258	-0.4435238290141258
0	0	0.4561041724359363	-0.4561041724359365
0	0	0.5490538887722151	-0.5490538887722155
0	0	0.5057929600462953	-0.505792960046296
0	0	0.3315774353690695	-0.33157743536907
0	0	0.4171636644653363	-0.4171636644653368
0	0	0.4555308405315692	-0.4555308405315691
0	0	0.6863724842081285	-0.6863724842081286
0	0	0.749021540395578	-0.749021540395578
0	0	0.4614134693357047	-0.461413469335705
0	0	0.5010509175083142	-0.5010509175083151
0	0	0.5606477577401257	-0.5606477577401263
0	0	0.5953997222757019	-0.5953997222757021
0	0	0.6187115151991661	-0.6187115151991663
0	0	0.3121169055418162	-0.3121169055418167
0	0	0.8663224552286992	-0.8663224552286998
0	0	0.7843918170606474	-0.7843918170606482
0	1	0.2688367934802815	-0.2688367934802819
0	0	0.5953690077189218	-0.5953690077189222
0	0	0.5662084517645212	-0.5662084517645214
0	0	0.2818872976459489	-0.2818872976459492
0	0	0.5259752107767293	-0.5259752107767289
0	0	0.3654202123825787	-0.3654202123825786
0	0	0.3775514711829681	-0.3775514711829683
0	0	0.8616169229651086	-0.8616169229651092
0	0	0.6629395069210184	-0.6629395069210184
1	1	-0.2048012208401191	0.2048012208401189
0	1	0.1365884309370373	-0.1365884309370374
0	0	0.8792822532921855	-0.8792822532921856
0	0	0.6230664644043672	-0.6230664644043676
0	0	0.6994389374311483	-0.6994389374311485
0	0	0.6109797259068444	-0.6109797259068454
0	0	0.3643916781257416	-0.364391678125742
0	0	0.5494651895899965	-0.5494651895899965
0	0	0.7276990840877927	-0.7276990840877936
0	0	0.3373607735857335	-0.3373607735857338
0	0	0.01578810969328084	-0.01578810969328116
0	0	0.4793286620318336	-0.4793286620318342
0	0	0.4890107422072335	-0.4890107422072341
0	0	0.7173172719674856	-0.7173172719674854
0	1	0.05089138903384752	-0.05089138903384773
0	0	0.5496551510729347	-0.5496551510729346
0	0	0.3269655076346692	-0.3269655076346694
0	0	0.02788489084058787	-0.02788489084058881
1	1	-0.03430958131539556	0.03430958131539492
0	0	0.6004012531249592	-0.6004012531249594
0	0	0.7823914974206946	-0.7823914974206947
0	0	0.8084122558841401	-0.8084122558841402
0	0	0.64523330565612	-0.6452333056561208
0	0	0.5205402171797926	-0.5205402171797938
0	0	0.2186204755731826	-0.2186204755731831
0	0	0.6155511834249017	-0.6155511834249022
0	0	0.4705868366342722	-0.4705868366342725
0	0	0.4823592884688753	-0.4823592884688754
0	0	0.5519169403769445	-0.5519169403769444
0	0	0.0574298816263123	-0.05742988162631288
0	0	0.9255884745531703	-0.9255884745531703
0	0	0.6666657053385189	-0.6666657053385195
0	0	0.757958421612138	-0.7579584216121384
0	0	0.3643775132170499	-0.3643775132170498
0	1	0.660058657629096	-0.6600586576290963
0	0	0.7545897856930891	-0.754589785693089
0	0	0.8039776443521803	-0.8039776443521807
0	0	0.373043046895058	-0.3730430468950585
0	0	0.8150677285279199	-0.8150677285279203
0	0	0.495888540443815	-0.4958885404438155
0	0	0.7654732655718339	-0.7654732655718344
0	0	0.6203917088602098	-0.6203917088602096
0	0	0.6641998019052412	-0.6641998019052417
0	0	0.3802206979950105	-0.3802206979950106
0	1	0.3368789618353313	-0.3368789618353318
0	0	0.1038942106653064	-0.1038942106653072
0	0	0.6440353953236677	-0.6440353953236677
0	0	0.6605463188193654	-0.6605463188193652
0	1	0.2891409528265994	-0.2891409528265994
0	0	0.7633258596483407	-0.763325859648341
0	0	0.6321502980148415	-0.6321502980148418
0	0	0.6337878016068168	-0.6337878016068168
0	0	0.3917020577695597	-0.39170205776956
0	0	0.6001430440580858	-0.6001430440580858
0	0	0.8028955174389713	-0.8028955174389711
0	1	0.5098759655469849	-0.5098759655469851
0	0	0.5372096902708847	-0.5372096902708849
0	0	0.4539476394449942	-0.4539476394449947
0	0	0.3503214134123144	-0.3503214134123148
0	0	0.4092658105779198	-0.4092658105779206
0	0	0.6371657444712659	-0.6371657444712661
0	0	0.7555669107599151	-0.7555669107599154
0	0	0.8757402201885062	-0.8757402201885061
0	0	0.5062142816884262	-0.5062142816884267
1	1	-0.04735508493766401	0.04735508493766388
0	0	0.7526418782690046	-0.7526418782690052
0	0	0.3724210207643034	-0.3724210207643039
0	0	0.6161529515317842	-0.6161529515317846
0	0	0.8053531383540614	-0.8053531383540623
0	0	0.4112709908108517	-0.4112709908108518
0	0	0.35109101293504	-0.3510910129350402
0	0	0.6623764923714973	-0.6623764923714972
0	0	0.6271758919257091	-0.6271758919257092
0	0	0.738908258613145	-0.7389082586131454
0	0	0.638234696400354	-0.6382346964003542
0	0	0.1475613902043892	-0.1475613902043896
0	0	0.2926922895265471	-0.2926922895265472
0	0	0.475818988902703	-0.4758189889027031
0	0	0.3427296321512924	-0.342729632151293
0	0	0.4166820962843301	-0.4166820962843305
0	0	0.1886717475374166	-0.1886717475374162
0	0	0.3370592729449317	-0.3370592729449315
0	0	0.4454322614186028	-0.4454322614186032
0	1	0.3429476563383708	-0.3429476563383712
0	0	0.3019908910688749	-0.3019908910688752
0	0	0.4271425751469097	-0.4271425751469102
0	0	0.6319677982513375	-0.6319677982513376
0	0	0.8992652424394391	-0.8992652424394396
0	0	0.5996211100485531	-0.5996211100485533
0	0	0.5175212329239309	-0.5175212329239312
0	1	0.4845839187106253	-0.4845839187106257
0	0	0.7128317373191514	-0.7128317373191512
0	0	0.3799825644415492	-0.3799825644415489
0	0	0.7884142034666879	-0.788414203466688
0	0	0.5362980791827444	-0.536298079182745
0	0	0.3674099562833044	-0.3674099562833044
0	0	0.8808142661472508	-0.8808142661472511
0	0	0.504402101995748	-0.5044021019957483
0	0	0.6205719899247737	-0.620571989924774
0	0	0.7775372033531953	-0.777537203353195
0	0	0.6534477496539695	-0.6534477496539697
0	0	0.9520832567347105	-0.9520832567347113
0	0	0.7325456296775957	-0.7325456296775955
0	1	0.1011403879679917	-0.1011403879679921
0	0	0.8256594765316847	-0.8256594765316854
0	0	0.4944835314857932	-0.4944835314857934
0	0	0.4824774407446556	-0.4824774407446559
0	0	0.1913139680717569	-0.1913139680717572
0	1	0.2403987796798974	-0.2403987796798975
0	0	0.789193242444114	-0.7891932424441139
0	0	0.4875517779135902	-0.4875517779135901
0	0	0.407905479152873	-0.407905479152873
0	0	0.2238457260582439	-0.2238457260582445
0	0	0.7409597544430115	-0.740959754443012
0	0	0.7876171397452749	-0.7876171397452748
0	0	0.2914780270617564	-0.2914780270617566
0	0	0.4194510589394824	-0.4194510589394828
0	0	0.5062189000995145	-0.5062189000995143
0	1	0.1612486924767443	-0.1612486924767446
0	0	0.2458755933081396	-0.2458755933081401
0	0	0.7198801189195458	-0.719880118919546
0	0	0.6746936844295027	-0.6746936844295032
0	0	0.3904440916503241	-0.3904440916503249
1	1	-0.002027473873147223	0.002027473873146893
0	0	0.7063097664753589	-0.7063097664753591
0	0	0.6916181416287869	-0.6916181416287873
1	1	-0.08057527230752079	0.08057527230752048
0	0	0.4590855857356707	-0.4590855857356715
0	0	0.5417788477189367	-0.5417788477189373
0	0	0.6736660731838399	-0.6736660731838403
0	0	0.5897429857302868	-0.5897429857302869
0	0	0.6124944645200842	-0.6124944645200847
0	0	0.5151685910065148	-0.5151685910065152
0	0	0.5726377615513064	-0.5726377615513065
0	0	0.7143827487387249	-0.7143827487387249
0	0	0.6237476790119986	-0.6237476790119988
0	0	0.5513421268299169	-0.5513421268299176
0	0	0.4277117947317673	-0.427711794731768
0	0	0.7186439942719792	-0.7186439942719793
0	0	0.9125637201962653	-0.9125637201962659
0	0	0.4344280270336536	-0.4344280270336536
0	0	0.4617786106991951	-0.4617786106991953
1	0	-0.07505355896553113	0.07505355896553093
0	1	0.4738637459821343	-0.4738637459821345
1	0	-0.05977287445298543	0.05977287445298523
0	0	0.6730738469705859	-0.6730738469705864
0	0	0.5358768728652654	-0.5358768728652658
0	1	0.7698495416865694	-0.7698495416865694
0	1	0.3902280748834885	-0.3902280748834889
0	0	0.5353096575287697	-0.5353096575287697
0	0	0.4927302430687351	-0.4927302430687355
0	0	0.1675812919055395	-0.1675812919055401
0	1	0.2488910133012479	-0.2488910133012484
0	0	0.312246137182268	-0.3122461371822682
0	0	0.4810433476127743	-0.4810433476127745
0	0	0.1524016892120113	-0.1524016892120113
0	0	0.5594604635794682	-0.5594604635794681
0	1	0.1645917863184823	-0.1645917863184826
0	0	0.3120969720767518	-0.3120969720767522
0	0	0.5469111593030201	-0.5469111593030208
0	1	0.2430198155747802	-0.2430198155747805
0	0	0.4603228232353638	-0.4603228232353641
0	0	0.745583715336168	-0.7455837153361684
1	1	-0.2105333067139183	0.2105333067139181
0	0	0.3091870541275377	-0.3091870541275381
0	0	0.9154500946360256	-0.915450094636026
0	0	0.6686215446013793	-0.6686215446013791
0	0	0.9606662437265967	-0.9606662437265965
0	0	0.7081254545630498	-0.7081254545630506
0	0	0.6712733242208162	-0.6712733242208163
0	0	0.3399646443501772	-0.3399646443501772
0	0	0.515007563914942	-0.5150075639149422
1	1	-0.06132981550087633	0.06132981550087626
0	0	0.49544020727427	-0.49544020727427
0	0	0.7470372591424501	-0.7470372591424503
0	0	0.7760920102750786	-0.7760920102750788
0	0	0.6885439682507727	-0.6885439682507729
0	0	0.364133951565137	-0.3641339515651372
0	0	0.6888666711468928	-0.688866671146893
0	1	0.1574199364583182	-0.1574199364583188
0	0	0.5080468031274189	-0.5080468031274193
0	0	0.3782648135109911	-0.3782648135109916
0	0	0.7058681069302373	-0.7058681069302374
0	0	0.5614971888092485	-0.5614971888092488
0	0	0.6724804984107389	-0.672480498410739
0	0	0.441311353475198	-0.4413113534751985
0	0	0.7337448703168133	-0.733744870316813
0	0	0.4435298875253896	-0.4435298875253894
1	1	-0.05169713927302741	0.05169713927302701
0	0	0.6037715592471944	-0.6037715592471942
0	0	0.05328128981389358	-0.0532812898138932
0	1	0.1259845617708195	-0.1259845617708197
0	0	0.6000761634912355	-0.6000761634912355
0	0	0.5876424389873621	-0.5876424389873622
0	0	0.6681793121961837	-0.6681793121961837
0	1	0.2372576288173594	-0.23725762881736
0	0	0.7398410756772603	-0.7398410756772607
0	0	0.5328533407766415	-0.5328533407766416
0	0	0.2947149001556021	-0.2947149001556029
0	1	0.1070964873919582	-0.1070964873919589
0	0	0.4722607184097779	-0.4722607184097782
0	0	0.4073937673383546	-0.4073937673383546
0	0	0.5447417524903551	-0.5447417524903557
0	0	0.3769704492791514	-0.3769704492791514
0	0	0.7901458835531491	-0.7901458835531492
0	0	0.499832321472036	-0.4998323214720359
1	0	-0.1533050948222145	0.153305094822215
0	0	0.5682003235192661	-0.5682003235192663
0	0	0.8372021283344045	-0.8372021283344049
0	0	0.2622496087132469	-0.2622496087132472
0	0	0.5959522117570181	-0.5959522117570183
0	0	0.9118965700530272	-0.9118965700530268
0	0	0.3203148874038602	-0.3203148874038611
0	0	0.4780484745391983	-0.4780484745391986
0	0	0.5913633008401836	-0.5913633008401842
0	0	0.4826800392107776	-0.482680039210778
0	0	0.8208731206499577	-0.820873120649958
0	0	0.5776584929305431	-0.5776584929305437
0	0	0.8109088519086907	-0.8109088519086907
0	0	0.7098241458437207	-0.7098241458437204
0	0	0.7310492432212157	-0.7310492432212156
0	0	0.728968306370724	-0.7289683063707245
0	0	0.3919593043390421	-0.3919593043390425
0	0	0.7257109131585506	-0.7257109131585506
0	0	0.497394634235164	-0.4973946342351644
0	0	0.3909454916081203	-0.3909454916081208
0	0	0.5044361825691741	-0.5044361825691743
0	0	0.6771484711140838	-0.6771484711140836
0	0	0.7760810471757262	-0.7760810471757265
0	0	0.6833451218238621	-0.683345121823862
0	0	0.6836394736624175	-0.6836394736624176
0	0	0.6296756438610854	-0.6296756438610857
0	0	0.3354942119000466	-0.3354942119000472
0	0	0.5141944321022642	-0.5141944321022643
0	0	0.6291533187581253	-0.629153318758126
0	0	0.716934082162952	-0.7169340821629521
0	0	0.789584007345728	-0.7895840073457283
0	0	0.520129057290223	-0.5201290572902234
0	0	0.02812368639369672	-0.02812368639369665
0	0	0.7048870319922684	-0.7048870319922688
0	0	0.4977787521667564	-0.4977787521667561
0	0	0.4991034330483129	-0.4991034330483126
0	0	0.3696834929172533	-0.3696834929172535
0	0	0.7904980088603346	-0.7904980088603348
0	0	0.07836899217373383	-0.07836899217373422
0	0	0.7143102436038551	-0.7143102436038551
0	0	0.5404528586392351	-0.5404528586392353
0	0	0.24241042678928	-0.2424104267892804
0	0	0.3030544381770818	-0.3030544381770819
0	0	0.4600488012071137	-0.4600488012071136
0	0	0.3019358260013568	-0.3019358260013572
0	0	0.642609096436754	-0.6426090964367545
0	0	0.3245525609111697	-0.3245525609111701
0	0	0.6837509019781902	-0.6837509019781903
0	0	0.5414315244037877	-0.5414315244037879
0	0	0.391962021149133	-0.3919620211491331
0	0	0.6997875288736433	-0.6997875288736443
0	0	0.3315694168866294	-0.3315694168866296
0	0	0.7469256470645359	-0.7469256470645363
0	0	0.6168056858666313	-0.6168056858666315
0	0	0.4961743055120423	-0.4961743055120424
0	0	0.2876682249340777	-0.2876682249340785
